variables: recoEnuEcalo recoEnuEcalo recoEle_thetaZ recoEle_thetaZ
0 0.07 -1.0 -0.8
0 0.07 -0.8 -0.6
0 0.07 -0.6 -0.4
0 0.07 -0.4 -0.2
0 0.07 -0.2 0.0
0 0.07 0.0 0.2
0 0.07 0.2 0.4
0 0.07 0.4 0.6
0 0.07 0.6 0.8
0 0.07 0.8 1.0
0.07 0.1 -1.0 -0.8
0.07 0.1 -0.8 -0.6
0.07 0.1 -0.6 -0.4
0.07 0.1 -0.4 -0.2
0.07 0.1 -0.2 0.0
0.07 0.1 0.0 0.2
0.07 0.1 0.2 0.4
0.07 0.1 0.4 0.6
0.07 0.1 0.6 0.8
0.07 0.1 0.8 1.0
0.1 0.15 -1.0 -0.8
0.1 0.15 -0.8 -0.6
0.1 0.15 -0.6 -0.4
0.1 0.15 -0.4 -0.2
0.1 0.15 -0.2 0.0
0.1 0.15 0.0 0.2
0.1 0.15 0.2 0.4
0.1 0.15 0.4 0.6
0.1 0.15 0.6 0.8
0.1 0.15 0.8 1.0
0.15 0.22 -1.0 -0.8
0.15 0.22 -0.8 -0.6
0.15 0.22 -0.6 -0.4
0.15 0.22 -0.4 -0.2
0.15 0.22 -0.2 0.0
0.15 0.22 0.0 0.2
0.15 0.22 0.2 0.4
0.15 0.22 0.4 0.6
0.15 0.22 0.6 0.8
0.15 0.22 0.8 1.0
0.22 0.33 -1.0 -0.8
0.22 0.33 -0.8 -0.6
0.22 0.33 -0.6 -0.4
0.22 0.33 -0.4 -0.2
0.22 0.33 -0.2 0.0
0.22 0.33 0.0 0.2
0.22 0.33 0.2 0.4
0.22 0.33 0.4 0.6
0.22 0.33 0.6 0.8
0.22 0.33 0.8 1.0
0.33 0.47 -1.0 -0.8
0.33 0.47 -0.8 -0.6
0.33 0.47 -0.6 -0.4
0.33 0.47 -0.4 -0.2
0.33 0.47 -0.2 0.0
0.33 0.47 0.0 0.2
0.33 0.47 0.2 0.4
0.33 0.47 0.4 0.6
0.33 0.47 0.6 0.8
0.33 0.47 0.8 1.0
0.47 0.7 -1.0 -0.8
0.47 0.7 -0.8 -0.6
0.47 0.7 -0.6 -0.4
0.47 0.7 -0.4 -0.2
0.47 0.7 -0.2 0.0
0.47 0.7 0.0 0.2
0.47 0.7 0.2 0.4
0.47 0.7 0.4 0.6
0.47 0.7 0.6 0.8
0.47 0.7 0.8 1.0
0.7 1.1 -1.0 -0.8
0.7 1.1 -0.8 -0.6
0.7 1.1 -0.6 -0.4
0.7 1.1 -0.4 -0.2
0.7 1.1 -0.2 0.0
0.7 1.1 0.0 0.2
0.7 1.1 0.2 0.4
0.7 1.1 0.4 0.6
0.7 1.1 0.6 0.8
0.7 1.1 0.8 1.0
1.1 1.7 -1.0 -0.8
1.1 1.7 -0.8 -0.6
1.1 1.7 -0.6 -0.4
1.1 1.7 -0.4 -0.2
1.1 1.7 -0.2 0.0
1.1 1.7 0.0 0.2
1.1 1.7 0.2 0.4
1.1 1.7 0.4 0.6
1.1 1.7 0.6 0.8
1.1 1.7 0.8 1.0
1.7 2.9 -1.0 -0.8
1.7 2.9 -0.8 -0.6
1.7 2.9 -0.6 -0.4
1.7 2.9 -0.4 -0.2
1.7 2.9 -0.2 0.0
1.7 2.9 0.0 0.2
1.7 2.9 0.2 0.4
1.7 2.9 0.4 0.6
1.7 2.9 0.6 0.8
1.7 2.9 0.8 1.0
2.9 5 -1.0 -0.8
2.9 5 -0.8 -0.6
2.9 5 -0.6 -0.4
2.9 5 -0.4 -0.2
2.9 5 -0.2 0.0
2.9 5 0.0 0.2
2.9 5 0.2 0.4
2.9 5 0.4 0.6
2.9 5 0.6 0.8
2.9 5 0.8 1.0
5 9 -1.0 -0.8
5 9 -0.8 -0.6
5 9 -0.6 -0.4
5 9 -0.4 -0.2
5 9 -0.2 0.0
5 9 0.0 0.2
5 9 0.2 0.4
5 9 0.4 0.6
5 9 0.6 0.8
5 9 0.8 1.0
9 16 -1.0 -0.8
9 16 -0.8 -0.6
9 16 -0.6 -0.4
9 16 -0.4 -0.2
9 16 -0.2 0.0
9 16 0.0 0.2
9 16 0.2 0.4
9 16 0.4 0.6
9 16 0.6 0.8
9 16 0.8 1.0
16 32 -1.0 -0.8
16 32 -0.8 -0.6
16 32 -0.6 -0.4
16 32 -0.4 -0.2
16 32 -0.2 0.0
16 32 0.0 0.2
16 32 0.2 0.4
16 32 0.4 0.6
16 32 0.6 0.8
16 32 0.8 1.0
32 48 -1.0 -0.8
32 48 -0.8 -0.6
32 48 -0.6 -0.4
32 48 -0.4 -0.2
32 48 -0.2 0.0
32 48 0.0 0.2
32 48 0.2 0.4
32 48 0.4 0.6
32 48 0.6 0.8
32 48 0.8 1.0
48 10000.0 -1.0 -0.8
48 10000.0 -0.8 -0.6
48 10000.0 -0.6 -0.4
48 10000.0 -0.4 -0.2
48 10000.0 -0.2 0.0
48 10000.0 0.0 0.2
48 10000.0 0.2 0.4
48 10000.0 0.4 0.6
48 10000.0 0.6 0.8
48 10000.0 0.8 1.0