variables: recoEnuLepCalo recoEnuLepCalo recoMu_thetaZ recoMu_thetaZ
0 0.12 -1.0 -0.8
0 0.12 -0.8 -0.6
0 0.12 -0.6 -0.4
0 0.12 -0.4 -0.2
0 0.12 -0.2 0.0
0 0.12 0.0 0.2
0 0.12 0.2 0.4
0 0.12 0.4 0.6
0 0.12 0.6 0.8
0 0.12 0.8 1.0
0.12 0.22 -1.0 -0.8
0.12 0.22 -0.8 -0.6
0.12 0.22 -0.6 -0.4
0.12 0.22 -0.4 -0.2
0.12 0.22 -0.2 0.0
0.12 0.22 0.0 0.2
0.12 0.22 0.2 0.4
0.12 0.22 0.4 0.6
0.12 0.22 0.6 0.8
0.12 0.22 0.8 1.0
0.22 0.37 -1.0 -0.8
0.22 0.37 -0.8 -0.6
0.22 0.37 -0.6 -0.4
0.22 0.37 -0.4 -0.2
0.22 0.37 -0.2 0.0
0.22 0.37 0.0 0.2
0.22 0.37 0.2 0.4
0.22 0.37 0.4 0.6
0.22 0.37 0.6 0.8
0.22 0.37 0.8 1.0
0.37 0.63 -1.0 -0.8
0.37 0.63 -0.8 -0.6
0.37 0.63 -0.6 -0.4
0.37 0.63 -0.4 -0.2
0.37 0.63 -0.2 0.0
0.37 0.63 0.0 0.2
0.37 0.63 0.2 0.4
0.37 0.63 0.4 0.6
0.37 0.63 0.6 0.8
0.37 0.63 0.8 1.0
0.63 1.5 -1.0 -0.8
0.63 1.5 -0.8 -0.6
0.63 1.5 -0.6 -0.4
0.63 1.5 -0.4 -0.2
0.63 1.5 -0.2 0.0
0.63 1.5 0.0 0.2
0.63 1.5 0.2 0.4
0.63 1.5 0.4 0.6
0.63 1.5 0.6 0.8
0.63 1.5 0.8 1.0
1.5 4.0 -1.0 -0.8
1.5 4.0 -0.8 -0.6
1.5 4.0 -0.6 -0.4
1.5 4.0 -0.4 -0.2
1.5 4.0 -0.2 0.0
1.5 4.0 0.0 0.2
1.5 4.0 0.2 0.4
1.5 4.0 0.4 0.6
1.5 4.0 0.6 0.8
1.5 4.0 0.8 1.0
4.0 11 -1.0 -0.8
4.0 11 -0.8 -0.6
4.0 11 -0.6 -0.4
4.0 11 -0.4 -0.2
4.0 11 -0.2 0.0
4.0 11 0.0 0.2
4.0 11 0.2 0.4
4.0 11 0.4 0.6
4.0 11 0.6 0.8
4.0 11 0.8 1.0
11 19 -1.0 -0.8
11 19 -0.8 -0.6
11 19 -0.6 -0.4
11 19 -0.4 -0.2
11 19 -0.2 0.0
11 19 0.0 0.2
11 19 0.2 0.4
11 19 0.4 0.6
11 19 0.6 0.8
11 19 0.8 1.0
19 32 -1.0 -0.8
19 32 -0.8 -0.6
19 32 -0.6 -0.4
19 32 -0.4 -0.2
19 32 -0.2 0.0
19 32 0.0 0.2
19 32 0.2 0.4
19 32 0.4 0.6
19 32 0.6 0.8
19 32 0.8 1.0
32 10000.0 -1.0 -0.8
32 10000.0 -0.8 -0.6
32 10000.0 -0.6 -0.4
32 10000.0 -0.4 -0.2
32 10000.0 -0.2 0.0
32 10000.0 0.0 0.2
32 10000.0 0.2 0.4
32 10000.0 0.4 0.6
32 10000.0 0.6 0.8
32 10000.0 0.8 1.0